 26  26  26  26  26  26  26  26  26  26  26  26  26  26  26  26
 26  26  26  26  26  26  26  26  26  26  26  26  26  26  26  26
 26  26 229 229 229 229 229 229 229 229 229 229 229 229  26  26
 26  26 229 229 229 229 229 229 229 229 229 229 229 229  26  26
 26  26 229 229 229 229 229 229 229 229 229 229 229 229  26  26
 26  26 229 229 229  26  26  26  26  26  26 229 229 229  26  26
 26  26 229 229 229  26  26  26  26  26  26 229 229 229  26  26
 26  26 229 229 229  26  26  26  26  26  26 229 229 229  26  26
 26  26 229 229 229  26  26  26  26  26  26 229 229 229  26  26
 26  26 229 229 229  26  26  25  25  26  26 229 229 229  26  26
 26  26 229 229 229  26  26  26  26  26  26 229 229 229  26  26
 26  26 229 229 229 229 229 229 229 229 229 229 229 229  26  26
 26  26 229 229 229 229 229 229 229 229 229 229 229 229  26  26
 26  26 229 229 229 229 229 229 229 229 229 229 229 229  26  26
 26  26  26  26  26  26  26  26  26  26  26  26  26  26  26  26
 26  26  26  26  26  26  26  26  26  26  26  26  26  26  26  26
 26  26  26  26  26  26  26  26  26  26  26  26  26  26  26  26
 26  26  26  26  26  26  26  26  26  26  26  26  26  26  26  26
 26  26 229 229 229 229 229 229 229 229 229 229 229 229  26  26
 26  26 229 229 229 229 229 229 229 229 229 229 229 229  26  26
 26  26 229 229 229 229 229 229 229 229 229 229 229 229  26  26
 26  26 229 229 229  26  26  26  26  26  26 229 229 229  26  26
 26  26 229 229 229  26  26  26  26  26  26 229 229 229  26  26
 26  26 229 229 229  26  26  26  26  26  26 229 229 229  26  26
 26  26 229 229 229  26  26  26  26  26  26 229 229 229  26  26
 26  26 229 229 229  26  26  25  25  26  26 229 229 229  26  26
 26  26 229 229 229  26  26  26  26  26  26 229 229 229  26  26
 26  26 229 229 229 229 229 229 229 229 229 229 229 229  26  26
 26  26 229 229 229 229 229 229 229 229 229 229 229 229  26  26
 26  26 229 229 229 229 229 229 229 229 229 229 229 229  26  26
 26  26  26  26  26  26  26  26  26  26  26  26  26  26  26  26
 26  26  26  26  26  26  26  26  26  26  26  26  26  26  26  26
 26  26  26  26  26  26  26  26  26  26  26  26  26  26  26  26
 26  26  26  26  26  26  26  26  26  26  26  26  26  26  26  26
 26  26 229 229 229 229 229 229 229 229 229 229 229 229  26  26
 26  26 229 229 229 229 229 229 229 229 229 229 229 229  26  26
 26  26 229 229 229 229 229 229 229 229 229 229 229 229  26  26
 26  26 229 229 229  26  26  26  26  26  26 229 229 229  26  26
 26  26 229 229 229  26  26  26  26  26  26 229 229 229  26  26
 26  26 229 229 229  26  26  26  26  26  26 229 229 229  26  26
 26  26 229 229 229  26  26  26  26  26  26 229 229 229  26  26
 26  26 229 229 229  26  26  25  25  26  26 229 229 229  26  26
 26  26 229 229 229  26  26  26  26  26  26 229 229 229  26  26
 26  26 229 229 229 229 229 229 229 229 229 229 229 229  26  26
 26  26 229 229 229 229 229 229 229 229 229 229 229 229  26  26
 26  26 229 229 229 229 229 229 229 229 229 229 229 229  26  26
 26  26  26  26  26  26  26  26  26  26  26  26  26  26  26  26
 26  26  26  26  26  26  26  26  26  26  26  26  26  26  26  26

 26  26  26  26  26  26  26  26  26  26  26  26  26  26  26  26
 26  56 104 104 104 104 104 104 104 104 104 104 104 104  55  26
 26 104 229 229 229 229 229 229 229 229 229 229 229 229 104  26
 26 104 229 218 222 222 222 222 222 222 222 222 218 229 104  26
 26 104 229 222 221 189 189 189 189 189 189 221 222 229 104  26
 26 104 229 222 188  26  26  26  26  26  26 189 222 229 104  26
 26 104 229 222 188  26  33  32  32  33  26 189 222 229 104  26
 26 104 229 222 188  26  32  26  26  32  26 189 222 229 104  26
 26 104 229 222 188  26  32  26  26  32  26 189 222 229 104  26
 26 104 229 222 188  26  33  32  32  33  26 189 222 229 104  26
 26 104 229 222 188  26  26  26  26  26  26 189 222 229 104  26
 26 104 229 222 220 188 188 188 188 188 188 221 222 229 104  26
 26 104 229 218 222 222 222 222 222 222 222 222 218 229 104  26
 26 104 229 229 229 229 229 229 229 229 229 229 229 229 104  26
 26  56 104 104 104 104 104 104 104 104 104 104 104 104  56  26
 26  26  26  26  26  26  26  26  26  26  26  26  26  26  26  26
 26  26  26  26  26  26  26  26  26  26  26  26  26  26  26  26
 26  56 104 104 104 104 104 104 104 104 104 104 104 104  55  26
 26 104 229 229 229 229 229 229 229 229 229 229 229 229 104  26
 26 104 229 218 222 222 222 222 222 222 222 222 218 229 104  26
 26 104 229 222 221 189 189 189 189 189 189 221 222 229 104  26
 26 104 229 222 188  26  26  26  26  26  26 189 222 229 104  26
 26 104 229 222 188  26  33  32  32  33  26 189 222 229 104  26
 26 104 229 222 188  26  32  26  26  32  26 189 222 229 104  26
 26 104 229 222 188  26  32  26  26  32  26 189 222 229 104  26
 26 104 229 222 188  26  33  32  32  33  26 189 222 229 104  26
 26 104 229 222 188  26  26  26  26  26  26 189 222 229 104  26
 26 104 229 222 220 188 188 188 188 188 188 221 222 229 104  26
 26 104 229 218 222 222 222 222 222 222 222 222 218 229 104  26
 26 104 229 229 229 229 229 229 229 229 229 229 229 229 104  26
 26  56 104 104 104 104 104 104 104 104 104 104 104 104  56  26
 26  26  26  26  26  26  26  26  26  26  26  26  26  26  26  26
 26  26  26  26  26  26  26  26  26  26  26  26  26  26  26  26
 26  56 104 104 104 104 104 104 104 104 104 104 104 104  55  26
 26 104 229 229 229 229 229 229 229 229 229 229 229 229 104  26
 26 104 229 218 222 222 222 222 222 222 222 222 218 229 104  26
 26 104 229 222 221 189 189 189 189 189 189 221 222 229 104  26
 26 104 229 222 188  26  26  26  26  26  26 189 222 229 104  26
 26 104 229 222 188  26  33  32  32  33  26 189 222 229 104  26
 26 104 229 222 188  26  32  26  26  32  26 189 222 229 104  26
 26 104 229 222 188  26  32  26  26  32  26 189 222 229 104  26
 26 104 229 222 188  26  33  32  32  33  26 189 222 229 104  26
 26 104 229 222 188  26  26  26  26  26  26 189 222 229 104  26
 26 104 229 222 220 188 188 188 188 188 188 221 222 229 104  26
 26 104 229 218 222 222 222 222 222 222 222 222 218 229 104  26
 26 104 229 229 229 229 229 229 229 229 229 229 229 229 104  26
 26  56 104 104 104 104 104 104 104 104 104 104 104 104  56  26
 26  26  26  26  26  26  26  26  26  26  26  26  26  26  26  26

 26  26  26  26  26  26  26  26  26  26  26  26  26  26  26  26
 26  55 104 104 104 104 104 104 104 104 104 104 104 104  56  26
 26 104 229 229 229 229 229 229 229 229 229 229 229 229 104  26
 26 104 229 218 222 222 222 222 222 222 222 222 218 229 104  26
 26 104 229 222 221 189 189 189 189 189 189 221 222 229 104  26
 26 104 229 222 189  26  26  26  26  26  26 188 222 229 104  26
 26 104 229 222 189  26  33  32  32  33  26 188 222 229 104  26
 26 104 229 222 189  26  32  26  26  32  26 188 222 229 104  26
 26 104 229 222 189  26  32  26  26  32  26 188 222 229 104  26
 26 104 229 222 189  26  33  32  32  33  26 188 222 229 104  26
 26 104 229 222 189  26  26  26  26  26  26 188 222 229 104  26
 26 104 229 222 221 188 188 188 188 188 188 220 222 229 104  26
 26 104 229 218 222 222 222 222 222 222 222 222 218 229 104  26
 26 104 229 229 229 229 229 229 229 229 229 229 229 229 104  26
 26  56 104 104 104 104 104 104 104 104 104 104 104 104  56  26
 26  26  26  26  26  26  26  26  26  26  26  26  26  26  26  26
 26  26  26  26  26  26  26  26  26  26  26  26  26  26  26  26
 26  55 104 104 104 104 104 104 104 104 104 104 104 104  56  26
 26 104 229 229 229 229 229 229 229 229 229 229 229 229 104  26
 26 104 229 218 222 222 222 222 222 222 222 222 218 229 104  26
 26 104 229 222 221 189 189 189 189 189 189 221 222 229 104  26
 26 104 229 222 189  26  26  26  26  26  26 188 222 229 104  26
 26 104 229 222 189  26  33  32  32  33  26 188 222 229 104  26
 26 104 229 222 189  26  32  26  26  32  26 188 222 229 104  26
 26 104 229 222 189  26  32  26  26  32  26 188 222 229 104  26
 26 104 229 222 189  26  33  32  32  33  26 188 222 229 104  26
 26 104 229 222 189  26  26  26  26  26  26 188 222 229 104  26
 26 104 229 222 221 188 188 188 188 188 188 220 222 229 104  26
 26 104 229 218 222 222 222 222 222 222 222 222 218 229 104  26
 26 104 229 229 229 229 229 229 229 229 229 229 229 229 104  26
 26  56 104 104 104 104 104 104 104 104 104 104 104 104  56  26
 26  26  26  26  26  26  26  26  26  26  26  26  26  26  26  26
 26  26  26  26  26  26  26  26  26  26  26  26  26  26  26  26
 26  55 104 104 104 104 104 104 104 104 104 104 104 104  56  26
 26 104 229 229 229 229 229 229 229 229 229 229 229 229 104  26
 26 104 229 218 222 222 222 222 222 222 222 222 218 229 104  26
 26 104 229 222 221 189 189 189 189 189 189 221 222 229 104  26
 26 104 229 222 189  26  26  26  26  26  26 188 222 229 104  26
 26 104 229 222 189  26  33  32  32  33  26 188 222 229 104  26
 26 104 229 222 189  26  32  26  26  32  26 188 222 229 104  26
 26 104 229 222 189  26  32  26  26  32  26 188 222 229 104  26
 26 104 229 222 189  26  33  32  32  33  26 188 222 229 104  26
 26 104 229 222 189  26  26  26  26  26  26 188 222 229 104  26
 26 104 229 222 221 188 188 188 188 188 188 220 222 229 104  26
 26 104 229 218 222 222 222 222 222 222 222 222 218 229 104  26
 26 104 229 229 229 229 229 229 229 229 229 229 229 229 104  26
 26  56 104 104 104 104 104 104 104 104 104 104 104 104  56  26
 26  26  26  26  26  26  26  26  26  26  26  26  26  26  26  26

 26  26  26  26  26  26  26  26  26  26  26  26  26  26  26  26
 26  56 104 104 104 104 104 104 104 104 104 104 104 104  56  26
 26 104 229 229 229 229 229 229 229 229 229 229 229 229 104  26
 26 104 229 218 222 222 222 222 222 222 222 222 218 229 104  26
 26 104 229 222 221 188 188 188 188 188 188 220 222 229 104  26
 26 104 229 222 189  26  26  26  26  26  26 188 222 229 104  26
 26 104 229 222 189  26  33  32  32  33  26 188 222 229 104  26
 26 104 229 222 189  26  32  26  26  32  26 188 222 229 104  26
 26 104 229 222 189  26  32  26  26  32  26 188 222 229 104  26
 26 104 229 222 189  26  33  32  32  33  26 188 222 229 104  26
 26 104 229 222 189  26  26  26  26  26  26 188 222 229 104  26
 26 104 229 222 221 189 189 189 189 189 189 221 222 229 104  26
 26 104 229 218 222 222 222 222 222 222 222 222 218 229 104  26
 26 104 229 229 229 229 229 229 229 229 229 229 229 229 104  26
 26  55 104 104 104 104 104 104 104 104 104 104 104 104  56  26
 26  26  26  26  26  26  26  26  26  26  26  26  26  26  26  26
 26  26  26  26  26  26  26  26  26  26  26  26  26  26  26  26
 26  56 104 104 104 104 104 104 104 104 104 104 104 104  56  26
 26 104 229 229 229 229 229 229 229 229 229 229 229 229 104  26
 26 104 229 218 222 222 222 222 222 222 222 222 218 229 104  26
 26 104 229 222 221 188 188 188 188 188 188 220 222 229 104  26
 26 104 229 222 189  26  26  26  26  26  26 188 222 229 104  26
 26 104 229 222 189  26  33  32  32  33  26 188 222 229 104  26
 26 104 229 222 189  26  32  26  26  32  26 188 222 229 104  26
 26 104 229 222 189  26  32  26  26  32  26 188 222 229 104  26
 26 104 229 222 189  26  33  32  32  33  26 188 222 229 104  26
 26 104 229 222 189  26  26  26  26  26  26 188 222 229 104  26
 26 104 229 222 221 189 189 189 189 189 189 221 222 229 104  26
 26 104 229 218 222 222 222 222 222 222 222 222 218 229 104  26
 26 104 229 229 229 229 229 229 229 229 229 229 229 229 104  26
 26  55 104 104 104 104 104 104 104 104 104 104 104 104  56  26
 26  26  26  26  26  26  26  26  26  26  26  26  26  26  26  26
 26  26  26  26  26  26  26  26  26  26  26  26  26  26  26  26
 26  56 104 104 104 104 104 104 104 104 104 104 104 104  56  26
 26 104 229 229 229 229 229 229 229 229 229 229 229 229 104  26
 26 104 229 218 222 222 222 222 222 222 222 222 218 229 104  26
 26 104 229 222 221 188 188 188 188 188 188 220 222 229 104  26
 26 104 229 222 189  26  26  26  26  26  26 188 222 229 104  26
 26 104 229 222 189  26  33  32  32  33  26 188 222 229 104  26
 26 104 229 222 189  26  32  26  26  32  26 188 222 229 104  26
 26 104 229 222 189  26  32  26  26  32  26 188 222 229 104  26
 26 104 229 222 189  26  33  32  32  33  26 188 222 229 104  26
 26 104 229 222 189  26  26  26  26  26  26 188 222 229 104  26
 26 104 229 222 221 189 189 189 189 189 189 221 222 229 104  26
 26 104 229 218 222 222 222 222 222 222 222 222 218 229 104  26
 26 104 229 229 229 229 229 229 229 229 229 229 229 229 104  26
 26  55 104 104 104 104 104 104 104 104 104 104 104 104  56  26
 26  26  26  26  26  26  26  26  26  26  26  26  26  26  26  26
